8 0.788 0.12612612612612611 0.89 0.7027027027027027
8 0.706 0.24324324324324326 0.78 0.6216216216216216
8 0.618 0.15615615615615616 0.744 0.7387387387387387
8 0.588 0.3303303303303303 0.648 0.5885885885885885
8 0.484 0.21021021021021022 0.55 0.6366366366366366
8 0.46 0.35135135135135137 0.49 0.5675675675675675
8 0.428 0.33633633633633636 0.478 0.6036036036036037
8 0.374 0.34234234234234234 0.42 0.5855855855855856
8 0.342 0.3213213213213213 0.412 0.6696696696696697
8 0.274 0.3153153153153153 0.342 0.6396396396396397
