0 0.204 0.3893333333333333 0.298 0.7866666666666666
0 0.448 0.416 0.532 0.7493333333333333
0 0.542 0.416 0.636 0.752
0 0.648 0.4053333333333333 0.734 0.7493333333333333
0 0.806 0.3973333333333333 0.904 0.5893333333333334
0 0.042 0.4106666666666667 0.124 0.8346666666666667
0 0.374 0.416 0.448 0.776
0 0.112 0.416 0.216 0.7573333333333333
56 0.068 0.7546666666666667 0.238 0.992
56 0.234 0.7546666666666667 0.404 1.0
56 0.43 0.744 0.572 0.9813333333333333
56 0.582 0.736 0.718 0.9866666666666667
56 0.788 0.824 0.954 1.0
56 0.592 0.8346666666666667 0.71 1.0
56 0.41 0.84 0.586 1.0
56 0.188 0.8453333333333334 0.366 1.0
56 0.002 0.84 0.15 1.0
56 0.78 0.5786666666666667 0.882 0.8026666666666666
