0 0.226 0.4444444444444444 0.362 0.978978978978979
0 0.332 0.003003003003003003 0.44 0.45645645645645644
0 0.294 0.003003003003003003 0.394 0.3783783783783784
0 0.886 0.11411411411411411 1.0 0.5615615615615616
0 0.424 0.39039039039039036 0.558 0.8948948948948949
0 0.512 0.3813813813813814 0.654 0.9069069069069069
0 0.522 0.42342342342342343 0.656 0.9159159159159159
0 0.594 0.4804804804804805 0.704 0.9819819819819819
0 0.664 0.3843843843843844 0.768 0.8618618618618619
0 0.66 0.5015015015015015 0.756 1.0
