2 0.078 0.25866666666666666 0.19 0.36533333333333334
2 0.796 0.2613333333333333 0.91 0.33866666666666667
2 0.014 0.25333333333333335 0.098 0.31733333333333336
0 0.318 0.176 0.4 0.2773333333333333
0 0.492 0.09866666666666667 0.644 0.408
0 0.622 0.13333333333333333 0.724 0.4826666666666667
0 0.72 0.14933333333333335 0.818 0.44266666666666665
0 0.94 0.16533333333333333 1.0 0.504
3 0.024 0.22666666666666666 0.62 0.944
0 0.202 0.24266666666666667 0.232 0.344
0 0.026 0.23733333333333334 0.048 0.344
2 0.872 0.2693333333333333 0.95 0.336
