58 0.812 0.18666666666666668 0.994 0.47733333333333333
0 0.616 0.184 0.716 0.616
0 0.358 0.36 0.474 0.5733333333333334
0 0.274 0.13866666666666666 0.356 0.5546666666666666
0 0.338 0.24533333333333332 0.404 0.5173333333333333
0 0.342 0.15466666666666667 0.414 0.408
0 0.51 0.19733333333333333 0.568 0.41333333333333333
0 0.122 0.20533333333333334 0.196 0.384
0 0.034 0.11733333333333333 0.134 0.5733333333333334
56 0.134 0.26666666666666666 0.206 0.3893333333333333
56 0.208 0.26666666666666666 0.28 0.37066666666666664
0 0.418 0.128 0.508 0.4026666666666667
0 0.716 0.17333333333333334 0.796 0.45066666666666666
0 0.448 0.2906666666666667 0.574 0.5546666666666666
