1 0.586 0.496 0.844 0.696
1 0.292 0.49866666666666665 0.484 0.6773333333333333
1 0.13 0.49866666666666665 0.274 0.6506666666666666
1 0.002 0.504 0.096 0.6453333333333333
0 0.644 0.35733333333333334 0.788 0.6533333333333333
0 0.32 0.38133333333333336 0.432 0.6613333333333333
0 0.148 0.41333333333333333 0.23 0.6293333333333333
0 0.002 0.42133333333333334 0.06 0.5813333333333334
0 0.918 0.35733333333333334 0.974 0.5413333333333333
0 0.86 0.384 0.902 0.536
0 0.832 0.352 0.868 0.5226666666666666
0 0.784 0.36 0.828 0.528
0 0.614 0.38133333333333336 0.644 0.5386666666666666
0 0.442 0.38133333333333336 0.486 0.5226666666666666
0 0.116 0.4106666666666667 0.138 0.5253333333333333
0 0.094 0.4106666666666667 0.118 0.5253333333333333
