56 0.002 0.7386666666666667 0.166 1.0
56 0.212 0.5893333333333334 0.386 0.888
56 0.636 0.632 0.81 0.9786666666666667
56 0.614 0.5146666666666667 0.736 0.728
56 0.846 0.5093333333333333 0.984 0.7413333333333333
60 0.334 0.656 0.594 0.9733333333333334
0 0.742 0.464 0.916 0.7573333333333333
0 0.476 0.352 0.56 0.6613333333333333
0 0.382 0.368 0.466 0.6586666666666666
0 0.024 0.30933333333333335 0.118 0.6213333333333333
0 0.102 0.32 0.2 0.624
0 0.002 0.6053333333333333 0.144 1.0
0 0.568 0.49333333333333335 0.8 0.9653333333333334
0 0.24 0.5253333333333333 0.408 0.8773333333333333
