62 0.858 0.37237237237237236 1.0 0.7387387387387387
0 0.696 0.18618618618618618 0.786 0.43543543543543545
0 0.77 0.14414414414414414 0.924 0.6366366366366366
0 0.628 0.2012012012012012 0.736 0.5615615615615616
0 0.552 0.21921921921921922 0.638 0.5975975975975976
0 0.462 0.1891891891891892 0.562 0.5195195195195195
0 0.4 0.2132132132132132 0.48 0.5675675675675675
0 0.342 0.23723723723723725 0.414 0.5285285285285285
0 0.236 0.34234234234234234 0.346 0.4774774774774775
0 0.234 0.3933933933933934 0.32 0.5555555555555556
0 0.37 0.4294294294294294 0.46 0.7717717717717718
0 0.456 0.47147147147147145 0.61 0.7747747747747747
0 0.572 0.5075075075075075 0.706 0.8228228228228228
0 0.66 0.5945945945945946 0.836 0.9459459459459459
0 0.526 0.5855855855855856 0.704 0.9669669669669669
0 0.41 0.4804804804804805 0.602 0.8888888888888888
0 0.266 0.4744744744744745 0.426 0.9309309309309309
0 0.058 0.3783783783783784 0.284 0.963963963963964
0 0.162 0.3963963963963964 0.308 0.6816816816816816
