58 0.344 0.494 0.4746666666666667 0.688
58 0.47733333333333333 0.558 0.568 0.658
58 0.5626666666666666 0.608 0.6506666666666666 0.69
58 0.6506666666666666 0.592 0.7493333333333333 0.67
58 0.8666666666666667 0.458 0.936 0.508
58 0.8053333333333333 0.38 0.888 0.48
58 0.7466666666666667 0.57 0.832 0.664
58 0.832 0.608 0.912 0.686
58 0.8986666666666666 0.594 0.992 0.682
58 0.06666666666666667 0.4 0.14133333333333334 0.484
0 0.152 0.486 0.352 0.922
58 0.7333333333333333 0.5 0.8506666666666667 0.57
58 0.0026666666666666666 0.632 0.088 0.864
