0 0.002 0.003003003003003003 0.212 1.0
0 0.5 0.02702702702702703 0.886 1.0
0 0.114 0.24624624624624625 0.188 0.5705705705705706
0 0.2 0.1981981981981982 0.284 0.4774774774774775
0 0.284 0.2852852852852853 0.362 0.4594594594594595
0 0.13 0.45045045045045046 0.334 0.9579579579579579
0 0.286 0.3783783783783784 0.472 0.6696696696696697
0 0.478 0.23723723723723725 0.558 0.6906906906906907
0 0.336 0.15015015015015015 0.456 0.4114114114114114
16 0.136 0.7387387387387387 0.456 1.0
16 0.314 0.6096096096096096 0.504 0.8738738738738738
16 0.466 0.6126126126126126 0.978 1.0
0 0.486 0.2042042042042042 0.526 0.26126126126126126
