14 0.486 0.19940476190476192 0.57 0.2767857142857143
14 0.546 0.8273809523809523 0.612 0.8869047619047619
14 0.632 0.7976190476190477 0.686 0.8452380952380952
14 0.812 0.7886904761904762 0.866 0.8452380952380952
14 0.93 0.7589285714285714 0.974 0.8035714285714286
14 0.91 0.7529761904761905 0.954 0.8005952380952381
14 0.876 0.7083333333333334 0.914 0.75
14 0.638 0.7023809523809523 0.678 0.7410714285714286
14 0.61 0.6904761904761905 0.652 0.7351190476190477
14 0.572 0.6845238095238095 0.606 0.7291666666666666
14 0.342 0.7261904761904762 0.39 0.7738095238095238
14 0.196 0.7083333333333334 0.236 0.75
14 0.156 0.6845238095238095 0.196 0.7291666666666666
14 0.048 0.6636904761904762 0.086 0.7142857142857143
14 0.104 0.6607142857142857 0.138 0.7023809523809523
14 0.272 0.6607142857142857 0.316 0.7053571428571429
