2 0.002 0.3183183183183183 0.314 0.5135135135135135
17 0.268 0.3783783783783784 0.662 0.972972972972973
0 0.44 0.2132132132132132 0.588 0.7417417417417418
2 0.706 0.32432432432432434 0.788 0.37237237237237236
17 0.69 0.3633633633633634 0.806 0.6456456456456456
0 0.784 0.34534534534534533 0.822 0.4294294294294294
0 0.812 0.3153153153153153 0.854 0.4264264264264264
17 0.772 0.4024024024024024 1.0 0.7687687687687688
0 0.782 0.4084084084084084 0.872 0.7957957957957958
0 0.876 0.3183183183183183 1.0 0.6576576576576577
