39 0.002 0.6826666666666666 0.038 0.824
39 0.026 0.6773333333333333 0.068 0.824
39 0.052 0.68 0.098 0.824
39 0.086 0.6773333333333333 0.126 0.8213333333333334
39 0.116 0.68 0.152 0.8213333333333334
39 0.146 0.6773333333333333 0.186 0.8213333333333334
39 0.176 0.6746666666666666 0.212 0.8186666666666667
39 0.204 0.672 0.24 0.816
39 0.232 0.6773333333333333 0.27 0.8186666666666667
39 0.262 0.672 0.3 0.816
39 0.292 0.6666666666666666 0.33 0.8133333333333334
39 0.324 0.6666666666666666 0.36 0.8106666666666666
39 0.354 0.6693333333333333 0.388 0.8106666666666666
39 0.38 0.6666666666666666 0.418 0.8106666666666666
39 0.412 0.664 0.444 0.8106666666666666
39 0.44 0.664 0.474 0.808
39 0.47 0.664 0.506 0.8106666666666666
39 0.626 0.14666666666666667 0.66 0.264
0 0.242 0.2 0.898 1.0
0 0.8 0.43733333333333335 1.0 1.0
