18 0.5257270693512305 0.6410256410256411 0.639821029082774 0.8589743589743589
18 0.319910514541387 0.6089743589743589 0.43400447427293065 0.8557692307692307
18 0.4161073825503356 0.5961538461538461 0.4966442953020134 0.8108974358974359
18 0.09172259507829977 0.5352564102564102 0.17225950782997762 0.717948717948718
18 0.020134228187919462 0.6794871794871795 0.0894854586129754 0.8525641025641025
18 0.5369127516778524 0.532051282051282 0.6286353467561522 0.6538461538461539
18 0.17002237136465326 0.5769230769230769 0.33557046979865773 0.7692307692307693
18 0.8165548098434005 0.6538461538461539 0.9284116331096197 0.8269230769230769
18 0.6331096196868009 0.6153846153846154 0.7628635346756152 0.7948717948717948
18 0.18791946308724833 0.6891025641025641 0.2930648769574944 0.8557692307692307
