17 0.04 0.2857142857142857 0.288 0.9565217391304348
17 0.262 0.3167701863354037 0.456 0.9254658385093167
17 0.404 0.30745341614906835 0.572 0.953416149068323
17 0.578 0.3198757763975155 0.748 0.906832298136646
17 0.746 0.2732919254658385 0.898 0.8881987577639752
17 0.86 0.36335403726708076 1.0 0.953416149068323
0 0.018 0.20496894409937888 0.212 0.6242236024844721
0 0.24 0.22981366459627328 0.404 0.6211180124223602
0 0.382 0.2204968944099379 0.558 0.562111801242236
0 0.538 0.2670807453416149 0.668 0.5496894409937888
0 0.702 0.20186335403726707 0.846 0.5714285714285714
0 0.822 0.2111801242236025 1.0 0.6645962732919255
