0 0.138 0.2822822822822823 0.274 0.93993993993994
0 0.288 0.3183183183183183 0.416 0.9459459459459459
0 0.442 0.3663663663663664 0.564 0.9519519519519519
0 0.034 0.3303303303303303 0.134 0.7297297297297297
0 0.852 0.5015015015015015 0.92 0.6876876876876877
0 0.86 0.6546546546546547 0.98 0.960960960960961
0 0.768 0.4864864864864865 0.858 0.6756756756756757
0 0.416 0.3483483483483483 0.482 0.5195195195195195
0 0.534 0.3933933933933934 0.594 0.5855855855855856
0 0.694 0.45045045045045046 0.766 0.7207207207207207
3 0.392 0.5345345345345346 0.71 0.9219219219219219
3 0.548 0.4894894894894895 0.76 0.8798798798798799
0 0.216 0.2732732732732733 0.298 0.5015015015015015
0 0.002 0.33633633633633636 0.05 0.46846846846846846
