39 0.892 0.0026666666666666666 0.978 0.22933333333333333
39 0.826 0.0026666666666666666 0.894 0.216
39 0.756 0.0026666666666666666 0.832 0.21066666666666667
39 0.692 0.0026666666666666666 0.758 0.21866666666666668
39 0.624 0.0026666666666666666 0.696 0.208
39 0.58 0.0026666666666666666 0.642 0.208
39 0.542 0.0026666666666666666 0.582 0.20266666666666666
39 0.312 0.037333333333333336 0.334 0.13866666666666666
0 0.156 0.0026666666666666666 0.236 0.144
0 0.332 0.0026666666666666666 0.38 0.13333333333333333
