1 0.714 0.5240641711229946 0.86 0.8475935828877005
1 0.57 0.5026737967914439 0.704 0.767379679144385
1 0.27 0.4358288770053476 0.422 0.7513368983957219
1 0.594 0.20588235294117646 0.654 0.32085561497326204
1 0.736 0.47058823529411764 0.952 0.7058823529411765
0 0.184 0.232620320855615 0.3 0.679144385026738
0 0.516 0.33689839572192515 0.574 0.5989304812834224
0 0.572 0.35561497326203206 0.688 0.6283422459893048
0 0.296 0.2967914438502674 0.378 0.5748663101604278
0 0.854 0.31283422459893045 0.996 0.767379679144385
0 0.85 0.3582887700534759 0.934 0.6871657754010695
2 0.468 0.3074866310160428 0.688 0.5481283422459893
