0 0.81 0.3783783783783784 0.868 0.5795795795795796
0 0.684 0.45345345345345345 0.736 0.8378378378378378
0 0.634 0.5105105105105106 0.7 0.8948948948948949
0 0.48 0.5165165165165165 0.572 0.9069069069069069
0 0.558 0.46846846846846846 0.638 0.8978978978978979
2 0.146 0.4984984984984985 0.25 0.6006006006006006
2 0.224 0.4954954954954955 0.286 0.5705705705705706
2 0.32 0.4894894894894895 0.36 0.5375375375375375
2 0.234 0.4774774774774775 0.296 0.5615615615615616
0 0.438 0.46546546546546547 0.496 0.8558558558558559
