0 0.04 0.36885245901639346 0.166 0.73224043715847
0 0.186 0.41530054644808745 0.264 0.7185792349726776
0 0.292 0.36065573770491804 0.374 0.7131147540983607
0 0.372 0.366120218579235 0.504 0.7459016393442623
0 0.474 0.3989071038251366 0.624 0.7486338797814208
0 0.57 0.44808743169398907 0.748 0.7568306010928961
0 0.35 0.4918032786885246 0.398 0.6475409836065574
0 0.804 0.5437158469945356 0.86 0.7868852459016393
0 0.844 0.5355191256830601 0.892 0.773224043715847
0 0.002 0.4453551912568306 0.03 0.5355191256830601
0 0.674 0.5 0.712 0.644808743169399
