18 0.822 0.45866666666666667 0.89 0.52
18 0.366 0.496 0.438 0.5733333333333334
18 0.412 0.536 0.52 0.664
18 0.642 0.5386666666666666 0.762 0.688
18 0.736 0.5786666666666667 0.794 0.6826666666666666
18 0.276 0.5253333333333333 0.328 0.5893333333333334
18 0.808 0.5786666666666667 0.858 0.6586666666666666
18 0.084 0.568 0.18 0.68
18 0.564 0.576 0.616 0.6613333333333333
18 0.48 0.648 0.554 0.7093333333333334
18 0.248 0.6373333333333333 0.314 0.7306666666666667
18 0.322 0.5733333333333334 0.416 0.72
18 0.844 0.5306666666666666 0.904 0.6666666666666666
