0 0.098 0.22356495468277945 0.234 0.6042296072507553
0 0.214 0.05740181268882175 0.328 0.5377643504531722
0 0.284 0.10574018126888217 0.346 0.4501510574018127
0 0.338 0.11782477341389729 0.422 0.3595166163141994
0 0.34 0.07250755287009064 0.42 0.17220543806646527
0 0.396 0.08157099697885196 0.44 0.32628398791540786
0 0.426 0.10574018126888217 0.46 0.36555891238670696
0 0.526 0.16314199395770393 0.556 0.40483383685800606
0 0.454 0.16012084592145015 0.544 0.459214501510574
0 0.558 0.2537764350453172 0.602 0.4169184290030212
0 0.606 0.2688821752265861 0.64 0.4229607250755287
8 0.32 0.0030211480362537764 0.682 0.8489425981873112
