0 0.562 0.432 0.68 0.8933333333333333
0 0.758 0.5333333333333333 0.82 0.8266666666666667
0 0.796 0.44 0.876 0.8026666666666666
0 0.856 0.48 0.914 0.808
0 0.24 0.3546666666666667 0.326 0.68
17 0.088 0.4666666666666667 0.538 0.9466666666666667
17 0.682 0.45866666666666667 0.798 0.792
2 0.848 0.4533333333333333 0.906 0.49866666666666665
2 0.774 0.448 0.826 0.5013333333333333
2 0.708 0.45866666666666667 0.762 0.504
2 0.638 0.44533333333333336 0.712 0.49866666666666665
2 0.528 0.43466666666666665 0.604 0.4746666666666667
