58 0.002 0.6546546546546547 0.086 0.9369369369369369
58 0.13 0.8048048048048048 0.208 0.933933933933934
58 0.226 0.8198198198198198 0.29 0.933933933933934
58 0.308 0.8438438438438438 0.372 0.9309309309309309
58 0.386 0.8438438438438438 0.44 0.9309309309309309
58 0.472 0.8498498498498499 0.538 0.9309309309309309
58 0.568 0.8138138138138138 0.634 0.9309309309309309
58 0.75 0.7777777777777778 0.822 0.9309309309309309
58 0.806 0.8378378378378378 0.888 0.933933933933934
58 0.902 0.8438438438438438 0.952 0.9279279279279279
