0 0.082 0.23929471032745592 0.21 0.5894206549118388
0 0.194 0.17884130982367757 0.28 0.5566750629722922
0 0.362 0.15869017632241814 0.442 0.43828715365239296
0 0.04 0.491183879093199 0.21 0.8639798488664987
0 0.182 0.473551637279597 0.344 0.8916876574307305
0 0.236 0.34005037783375314 0.362 0.5617128463476071
0 0.364 0.3526448362720403 0.496 0.7707808564231738
0 0.486 0.327455919395466 0.632 0.7405541561712846
0 0.276 0.1561712846347607 0.378 0.42317380352644834
0 0.436 0.14105793450881612 0.532 0.4105793450881612
