3 0.83 0.5306666666666666 0.898 0.688
3 0.68 0.5093333333333333 0.792 0.7066666666666667
0 0.54 0.4613333333333333 0.666 0.7866666666666666
0 0.242 0.456 0.308 0.7226666666666667
0 0.292 0.45066666666666666 0.344 0.592
0 0.334 0.464 0.388 0.5866666666666667
0 0.376 0.4746666666666667 0.404 0.584
0 0.47 0.4613333333333333 0.516 0.584
0 0.51 0.45066666666666666 0.568 0.5706666666666667
3 0.414 0.536 0.586 0.784
3 0.254 0.5493333333333333 0.438 0.84
3 0.122 0.5493333333333333 0.238 0.8426666666666667
0 0.408 0.4533333333333333 0.474 0.696
