39 0.22933333333333333 0.91 0.3466666666666667 1.0
39 0.3893333333333333 0.926 0.4746666666666667 1.0
39 0.5386666666666666 0.93 0.6266666666666667 1.0
39 0.6773333333333333 0.654 0.8266666666666667 0.986
39 0.208 0.35 0.37866666666666665 0.714
39 0.37066666666666664 0.344 0.5146666666666667 0.718
39 0.5226666666666666 0.348 0.6666666666666666 0.728
39 0.688 0.348 0.832 0.722
39 0.22133333333333333 0.642 0.376 0.964
39 0.376 0.648 0.52 0.97
39 0.21333333333333335 0.034 0.37333333333333335 0.442
39 0.376 0.028 0.52 0.448
39 0.528 0.024 0.6746666666666666 0.444
39 0.6906666666666667 0.018 0.8373333333333334 0.442
