60 0.156 0.4894894894894895 0.974 1.0
0 0.26 0.38738738738738737 0.62 1.0
0 0.118 0.3303303303303303 0.312 1.0
0 0.008 0.2882882882882883 0.212 0.9309309309309309
0 0.148 0.24624624624624625 0.352 0.5375375375375375
0 0.288 0.24024024024024024 0.4 0.5135135135135135
0 0.402 0.22822822822822822 0.596 0.5825825825825826
0 0.644 0.2972972972972973 0.902 0.7177177177177178
0 0.782 0.36036036036036034 1.0 1.0
39 0.736 0.5645645645645646 0.788 0.8198198198198198
39 0.5 0.44744744744744747 0.544 0.6336336336336337
