60 0.598 0.46846846846846846 1.0 0.9369369369369369
56 0.594 0.45345345345345345 0.71 0.7387387387387387
56 0.636 0.4864864864864865 0.76 0.8048048048048048
56 0.698 0.5105105105105106 0.844 0.8918918918918919
56 0.832 0.5165165165165165 0.998 0.8708708708708709
56 0.78 0.45645645645645644 0.83 0.5165165165165165
56 0.552 0.43243243243243246 0.636 0.6336336336336337
56 0.272 0.48348348348348347 0.37 0.6516516516516516
57 0.386 0.4174174174174174 0.54 0.5975975975975976
57 0.052 0.4024024024024024 0.204 0.6126126126126126
56 0.108 0.5675675675675675 0.314 0.924924924924925
56 0.792 0.4864864864864865 0.902 0.8078078078078078
