5 0.622 0.096 1.0 0.35733333333333334
2 0.45 0.3333333333333333 0.794 0.5226666666666666
2 0.002 0.22133333333333333 0.086 0.30933333333333335
2 0.226 0.21066666666666667 0.376 0.32266666666666666
2 0.216 0.16 0.334 0.23733333333333334
2 0.284 0.058666666666666666 0.35 0.10133333333333333
2 0.358 0.06933333333333333 0.436 0.12
2 0.488 0.08266666666666667 0.552 0.128
2 0.566 0.12 0.632 0.21866666666666668
2 0.314 0.02666666666666667 0.374 0.06133333333333333
2 0.344 0.048 0.414 0.09066666666666667
