2 0.522 0.224 0.682 0.432
2 0.226 0.288 0.428 0.5013333333333333
2 0.514 0.16533333333333333 0.68 0.32
2 0.286 0.176 0.472 0.408
2 0.512 0.104 0.664 0.224
2 0.54 0.021333333333333333 0.654 0.16
2 0.572 0.0026666666666666666 0.682 0.13066666666666665
2 0.046 0.208 0.246 0.41333333333333333
2 0.696 0.7306666666666667 1.0 1.0
2 0.746 0.4613333333333333 1.0 0.744
2 0.868 0.352 1.0 0.472
2 0.824 0.2906666666666667 1.0 0.472
2 0.8 0.18933333333333333 0.972 0.4026666666666667
2 0.788 0.144 0.94 0.30933333333333335
2 0.754 0.0026666666666666666 0.892 0.20266666666666666
2 0.952 0.048 1.0 0.21066666666666667
2 0.906 0.0026666666666666666 1.0 0.12266666666666666
2 0.002 0.30933333333333335 0.086 0.488
5 0.266 0.0026666666666666666 0.554 0.22933333333333333
3 0.098 0.7253333333333334 0.202 0.976
3 0.47 0.4693333333333333 0.576 0.68
3 0.24 0.21866666666666668 0.302 0.3333333333333333
0 0.112 0.624 0.23 0.904
0 0.472 0.4053333333333333 0.57 0.6373333333333333
3 0.246 0.464 0.364 0.6453333333333333
0 0.254 0.38666666666666666 0.348 0.6213333333333333
0 0.24 0.15466666666666667 0.298 0.248
