0 0.704 0.38721804511278196 0.788 0.7218045112781954
0 0.532 0.5 0.708 0.7481203007518797
0 0.634 0.2556390977443609 0.684 0.6203007518796992
0 0.764 0.2518796992481203 0.832 0.6541353383458647
0 0.708 0.24060150375939848 0.774 0.4774436090225564
0 0.566 0.37593984962406013 0.64 0.6466165413533834
0 0.572 0.24436090225563908 0.626 0.48120300751879697
0 0.488 0.424812030075188 0.532 0.650375939849624
0 0.456 0.40225563909774437 0.492 0.6466165413533834
0 0.066 0.37593984962406013 0.174 0.7481203007518797
0 0.214 0.4849624060150376 0.386 0.7631578947368421
0 0.25 0.37969924812030076 0.362 0.6954887218045113
0 0.326 0.2894736842105263 0.38 0.6466165413533834
0 0.378 0.2706766917293233 0.45 0.6390977443609023
0 0.434 0.2894736842105263 0.506 0.6466165413533834
0 0.178 0.2706766917293233 0.26 0.6766917293233082
0 0.138 0.2556390977443609 0.198 0.6654135338345865
