39 0.156 0.888 0.216 1.0
39 0.056 0.8533333333333334 0.112 1.0
39 0.012 0.9013333333333333 0.044 1.0
0 0.346 0.408 0.678 0.9733333333333334
0 0.586 0.5866666666666667 0.848 1.0
0 0.41 0.5413333333333333 0.672 1.0
0 0.02 0.304 0.266 0.984
0 0.124 0.3466666666666667 0.326 0.9306666666666666
0 0.322 0.30933333333333335 0.392 0.44
0 0.586 0.304 0.756 0.672
0 0.622 0.22933333333333333 0.736 0.48
0 0.238 0.32266666666666666 0.464 0.9813333333333333
0 0.28 0.24 0.352 0.3626666666666667
0 0.416 0.256 0.476 0.456
0 0.49 0.25066666666666665 0.638 0.568
