0 0.458 0.24024024024024024 0.57 0.7177177177177178
58 0.316 0.3333333333333333 0.35 0.4114114114114114
58 0.27 0.34234234234234234 0.302 0.4084084084084084
58 0.288 0.5315315315315315 0.446 0.7567567567567568
56 0.754 0.6576576576576577 0.934 0.993993993993994
58 0.642 0.4294294294294294 0.832 0.8678678678678678
58 0.054 0.35735735735735735 0.276 0.7567567567567568
58 0.03 0.5105105105105106 0.23 0.8168168168168168
58 0.088 0.6516516516516516 0.25 0.924924924924925
58 0.002 0.6036036036036037 0.232 0.96996996996997
