39 0.018 0.23466666666666666 0.052 0.33066666666666666
56 0.024 0.36 0.162 0.76
60 0.002 0.264 0.246 0.4
0 0.41 0.02666666666666667 0.53 0.47733333333333333
56 0.794 0.21866666666666668 0.852 0.4053333333333333
56 0.846 0.2693333333333333 0.968 0.5386666666666666
0 0.828 0.06133333333333333 0.94 0.336
0 0.852 0.08266666666666667 1.0 0.44
39 0.444 0.808 0.518 1.0
56 0.868 0.4186666666666667 0.978 0.6133333333333333
60 0.098 0.5786666666666667 1.0 1.0
0 0.072 0.13066666666666665 0.46 0.8026666666666666
0 0.488 0.15466666666666667 0.798 0.704
