8 0.002 0.0030211480362537764 1.0 1.0
56 0.798 0.6948640483383686 0.99 0.9879154078549849
56 0.63 0.7492447129909365 0.826 1.0
56 0.426 0.7794561933534743 0.616 1.0
56 0.304 0.5770392749244713 0.432 0.9033232628398792
0 0.96 0.36555891238670696 1.0 0.525679758308157
0 0.906 0.3504531722054381 1.0 0.5377643504531722
0 0.832 0.42900302114803623 0.962 0.6797583081570997
0 0.808 0.48942598187311176 0.986 0.8549848942598187
0 0.68 0.4108761329305136 0.79 0.6012084592145015
0 0.616 0.5498489425981873 0.806 0.9697885196374623
0 0.63 0.3867069486404834 0.682 0.5105740181268882
0 0.572 0.38972809667673713 0.666 0.5921450151057401
0 0.47 0.4380664652567976 0.576 0.6344410876132931
0 0.444 0.5468277945619335 0.624 0.9667673716012085
0 0.356 0.46827794561933533 0.46 0.9123867069486404
60 0.454 0.5649546827794562 0.838 0.7583081570996979
