56 0.716 0.33866666666666667 0.774 0.44266666666666665
56 0.724 0.416 0.78 0.5093333333333333
56 0.912 0.68 1.0 0.8533333333333334
56 0.826 0.6026666666666667 0.91 0.7466666666666667
56 0.826 0.5173333333333333 0.896 0.6533333333333333
56 0.688 0.45866666666666667 0.756 0.5786666666666667
56 0.71 0.632 0.78 0.7706666666666667
56 0.624 0.44 0.68 0.5706666666666667
56 0.648 0.7066666666666667 0.718 0.848
56 0.572 0.7786666666666666 0.654 0.9226666666666666
56 0.476 0.8373333333333334 0.548 0.9866666666666667
56 0.396 0.8373333333333334 0.472 1.0
56 0.516 0.632 0.584 0.7813333333333333
56 0.44 0.48 0.498 0.6133333333333333
56 0.46 0.3626666666666667 0.522 0.4826666666666667
56 0.348 0.3333333333333333 0.398 0.43733333333333335
56 0.288 0.38133333333333336 0.338 0.52
56 0.308 0.5653333333333334 0.376 0.7093333333333334
