2 0.096 0.672 0.358 0.8053333333333333
2 0.032 0.6746666666666666 0.2 0.784
2 0.004 0.6986666666666667 0.044 0.768
2 0.002 0.664 0.078 0.7146666666666667
2 0.374 0.6746666666666666 0.454 0.736
2 0.422 0.6533333333333333 0.552 0.744
2 0.472 0.6746666666666666 0.61 0.7466666666666667
2 0.556 0.6613333333333333 0.632 0.7066666666666667
2 0.604 0.6773333333333333 0.668 0.7173333333333334
2 0.62 0.6666666666666666 0.74 0.7546666666666667
2 0.726 0.6746666666666666 0.796 0.704
2 0.966 0.6746666666666666 1.0 0.7306666666666667
2 0.834 0.672 0.912 0.7013333333333334
2 0.888 0.6586666666666666 0.942 0.7066666666666667
