2 0.12264150943396226 0.304 0.6761006289308176 0.616
2 0.6792452830188679 0.344 0.9779874213836478 0.558
2 0.0031446540880503146 0.306 0.14779874213836477 0.488
0 0.8176100628930818 0.276 0.9905660377358491 0.59
0 0.9339622641509434 0.33 1.0 0.618
0 0.8176100628930818 0.3 0.8805031446540881 0.366
0 0.6509433962264151 0.312 0.7169811320754716 0.426
0 0.5660377358490566 0.3 0.6415094339622641 0.42
0 0.040880503144654086 0.266 0.11006289308176101 0.342
0 0.10062893081761007 0.276 0.16666666666666666 0.39
0 0.16981132075471697 0.298 0.2169811320754717 0.39
