18 0.10133333333333333 0.682 0.41333333333333333 0.84
18 0.25866666666666666 0.626 0.4053333333333333 0.692
18 0.536 0.598 0.664 0.662
18 0.712 0.584 0.824 0.664
18 0.8213333333333334 0.564 0.9626666666666667 0.63
18 0.6613333333333333 0.582 0.7626666666666667 0.636
18 0.6266666666666667 0.586 0.6666666666666666 0.63
18 0.7333333333333333 0.536 0.776 0.554
18 0.37333333333333335 0.574 0.392 0.594
18 0.021333333333333333 0.622 0.056 0.64
18 0.4746666666666667 0.578 0.512 0.59
18 0.52 0.554 0.5466666666666666 0.576
18 0.5653333333333334 0.552 0.608 0.574
18 0.42933333333333334 0.55 0.464 0.57
18 0.304 0.566 0.3253333333333333 0.586
18 0.152 0.574 0.17866666666666667 0.59
