16 0.408 0.18207282913165265 0.846 0.7927170868347339
0 0.19 0.0700280112044818 0.48 0.7955182072829131
0 0.002 0.0028011204481792717 0.096 0.5378151260504201
16 0.924 0.24929971988795518 1.0 0.5714285714285714
56 0.764 0.19887955182072828 0.908 0.45098039215686275
16 0.586 0.25770308123249297 0.712 0.39775910364145656
0 0.452 0.11484593837535013 0.524 0.21008403361344538
2 0.02 0.0392156862745098 0.252 0.3333333333333333
2 0.38 0.0028011204481792717 0.69 0.3389355742296919
2 0.688 0.08403361344537816 1.0 0.3753501400560224
2 0.25 0.06162464985994398 0.3 0.14565826330532214
