18 0.536 0.09333333333333334 0.962 1.0
18 0.032 0.17066666666666666 0.526 0.888
18 0.884 0.224 0.988 0.448
18 0.182 0.11733333333333333 0.316 0.264
18 0.002 0.14666666666666667 0.086 0.45066666666666666
18 0.358 0.07466666666666667 0.444 0.17866666666666667
18 0.47 0.128 0.538 0.3626666666666667
18 0.558 0.11733333333333333 0.626 0.19466666666666665
18 0.524 0.14933333333333335 0.568 0.3626666666666667
18 0.314 0.11733333333333333 0.364 0.17866666666666667
18 0.078 0.14133333333333334 0.182 0.29333333333333333
18 0.906 0.44533333333333336 1.0 0.672
