0 0.812 0.6096096096096096 0.864 0.7237237237237237
0 0.854 0.32732732732732733 0.898 0.4444444444444444
0 0.796 0.003003003003003003 1.0 1.0
0 0.694 0.16216216216216217 0.864 1.0
0 0.544 0.15315315315315314 0.696 1.0
0 0.458 0.35735735735735735 0.622 0.8618618618618619
0 0.332 0.34534534534534533 0.64 1.0
0 0.242 0.33633633633633636 0.416 1.0
0 0.188 0.3033033033033033 0.338 0.8078078078078078
0 0.172 0.24924924924924924 0.272 0.6336336336336337
0 0.104 0.2882882882882883 0.148 0.36936936936936937
0 0.12 0.32432432432432434 0.184 0.7957957957957958
0 0.052 0.2882882882882883 0.15 0.8198198198198198
0 0.002 0.2972972972972973 0.07 0.8288288288288288
