2 0.002 0.2 0.066 0.2534883720930233
2 0.002 0.19069767441860466 0.416 0.413953488372093
2 0.354 0.16744186046511628 0.398 0.21395348837209302
2 0.366 0.16511627906976745 0.412 0.23255813953488372
2 0.41 0.16279069767441862 0.484 0.22790697674418606
2 0.51 0.10930232558139535 0.668 0.21395348837209302
2 0.722 0.12558139534883722 1.0 0.25116279069767444
0 0.422 0.07209302325581396 0.564 0.7441860465116279
3 0.022 0.20232558139534884 0.49 0.8186046511627907
3 0.442 0.17209302325581396 0.92 0.9186046511627907
