60 0.28 0.6066066066066066 0.714 1.0
56 0.236 0.7537537537537538 0.512 1.0
56 0.882 0.7867867867867868 1.0 1.0
56 0.886 0.5975975975975976 0.942 0.8378378378378378
39 0.506 0.5075075075075075 0.542 0.6996996996996997
0 0.444 0.0990990990990991 0.842 0.6516516516516516
62 0.444 0.32732732732732733 0.602 0.4924924924924925
0 0.574 0.3813813813813814 0.898 1.0
0 0.052 0.17717717717717718 0.346 1.0
0 0.266 0.3213213213213213 0.454 0.6666666666666666
39 0.45 0.5195195195195195 0.486 0.6036036036036037
56 0.01 0.5795795795795796 0.062 0.8918918918918919
