2 0.958 0.512 0.978 0.5413333333333333
2 0.928 0.5093333333333333 0.96 0.5466666666666666
2 0.882 0.512 0.928 0.5546666666666666
2 0.862 0.5066666666666667 0.88 0.552
5 0.176 0.17066666666666666 0.862 0.8453333333333334
0 0.578 0.4053333333333333 0.648 0.512
2 0.006 0.536 0.194 0.6826666666666666
2 0.002 0.5573333333333333 0.046 0.7066666666666667
0 0.302 0.35733333333333334 0.404 0.49333333333333335
0 0.38 0.376 0.446 0.52
0 0.896 0.6373333333333333 0.952 0.8533333333333334
0 0.948 0.5493333333333333 1.0 0.864
0 0.986 0.5093333333333333 1.0 0.608
2 0.858 0.5466666666666666 0.878 0.632
