0 0.782 0.45045045045045046 0.858 0.7567567567567568
0 0.632 0.43243243243243246 0.682 0.6696696696696697
0 0.588 0.45045045045045046 0.656 0.6696696696696697
0 0.52 0.3933933933933934 0.548 0.4774774774774775
17 0.498 0.4084084084084084 0.622 0.6606606606606606
17 0.412 0.42042042042042044 0.516 0.7777777777777778
17 0.308 0.46546546546546547 0.406 0.6456456456456456
0 0.312 0.3933933933933934 0.374 0.5675675675675675
0 0.17 0.3993993993993994 0.248 0.5645645645645646
0 0.044 0.4624624624624625 0.068 0.5075075075075075
0 0.056 0.44744744744744747 0.082 0.5075075075075075
0 0.002 0.4444444444444444 0.03 0.5165165165165165
17 0.172 0.4444444444444444 0.238 0.6396396396396397
