8 0.046 0.2773333333333333 0.342 0.8186666666666667
8 0.468 0.2906666666666667 0.736 0.8826666666666667
8 0.464 0.15733333333333333 0.784 0.26666666666666666
0 0.71 0.13066666666666665 0.75 0.232
8 0.002 0.36 0.08 0.5573333333333333
8 0.922 0.32 1.0 0.6773333333333333
0 0.928 0.31466666666666665 0.974 0.384
8 0.736 0.32 0.966 0.96
0 0.732 0.512 0.824 0.688
0 0.878 0.5466666666666666 0.974 0.7146666666666667
0 0.87 0.41333333333333333 0.94 0.5466666666666666
0 0.88 0.4826666666666667 0.958 0.6106666666666667
0 0.728 0.47733333333333333 0.81 0.608
0 0.726 0.448 0.79 0.5653333333333334
