39 0.224 0.2986666666666667 0.368 0.8853333333333333
39 0.368 0.28 0.492 0.8346666666666667
39 0.48 0.256 0.604 0.7893333333333333
39 0.588 0.208 0.684 0.7066666666666667
39 0.64 0.23466666666666666 0.81 0.7306666666666667
39 0.184 0.22666666666666666 0.292 0.7893333333333333
39 0.316 0.2 0.422 0.4053333333333333
39 0.446 0.18933333333333333 0.532 0.36
39 0.682 0.17866666666666667 0.776 0.304
39 0.002 0.0026666666666666666 0.044 0.42133333333333334
39 0.024 0.0026666666666666666 0.186 0.3973333333333333
39 0.03 0.3893333333333333 0.17 0.736
39 0.002 0.42933333333333334 0.048 0.768
39 0.002 0.7973333333333333 0.054 1.0
39 0.038 0.7306666666666667 0.168 1.0
39 0.242 0.8853333333333333 0.352 1.0
39 0.358 0.864 0.466 1.0
39 0.47 0.8453333333333334 0.564 1.0
39 0.572 0.7973333333333333 0.66 1.0
39 0.642 0.776 0.75 1.0
39 0.742 0.7333333333333333 0.834 1.0
