62 0.002 0.19733333333333333 0.118 0.408
62 0.09 0.19733333333333333 0.234 0.3893333333333333
62 0.224 0.21866666666666668 0.368 0.4026666666666667
62 0.362 0.18933333333333333 0.508 0.38666666666666666
62 0.506 0.22666666666666666 0.632 0.392
62 0.638 0.17866666666666667 0.802 0.37866666666666665
62 0.798 0.16533333333333333 0.956 0.36
62 0.966 0.17333333333333334 1.0 0.38666666666666666
62 0.002 0.368 0.104 0.528
62 0.092 0.38133333333333336 0.236 0.568
62 0.232 0.3973333333333333 0.364 0.5386666666666666
62 0.362 0.37066666666666664 0.508 0.5413333333333333
62 0.504 0.392 0.63 0.568
62 0.622 0.37066666666666664 0.774 0.5653333333333334
62 0.774 0.35733333333333334 0.918 0.536
62 0.944 0.38133333333333336 1.0 0.5733333333333334
62 0.002 0.5066666666666667 0.072 0.688
62 0.068 0.52 0.212 0.704
62 0.216 0.5333333333333333 0.348 0.7253333333333334
62 0.34 0.5173333333333333 0.49 0.7066666666666667
62 0.488 0.5333333333333333 0.636 0.7093333333333334
62 0.638 0.528 0.796 0.7253333333333334
62 0.792 0.504 0.928 0.704
62 0.956 0.5306666666666666 1.0 0.7386666666666667
62 0.002 0.6933333333333334 0.11 0.888
62 0.094 0.6933333333333334 0.276 0.8666666666666667
62 0.304 0.6453333333333333 0.474 0.8666666666666667
62 0.472 0.68 0.61 0.8693333333333333
62 0.626 0.6986666666666667 0.768 0.8826666666666667
62 0.764 0.6986666666666667 0.928 0.8453333333333334
62 0.93 0.72 1.0 0.88
62 0.002 0.8773333333333333 0.084 0.936
62 0.084 0.848 0.256 0.9546666666666667
62 0.268 0.856 0.438 0.9653333333333334
62 0.452 0.864 0.622 1.0
62 0.62 0.8986666666666666 0.806 1.0
62 0.644 0.8613333333333333 0.774 0.9786666666666667
62 0.806 0.904 0.928 1.0
62 0.936 0.8746666666666667 1.0 0.9146666666666666
