60 0.21 0.592 0.744 1.0
56 0.46 0.6746666666666666 0.63 1.0
56 0.098 0.6586666666666666 0.348 1.0
0 0.704 0.4266666666666667 0.96 1.0
0 0.678 0.44 0.812 0.632
0 0.562 0.408 0.69 0.608
0 0.394 0.42933333333333334 0.514 0.6
0 0.208 0.45066666666666666 0.36 0.6133333333333333
0 0.078 0.45866666666666667 0.28 0.968
56 0.162 0.352 0.246 0.5013333333333333
56 0.148 0.4746666666666667 0.214 0.5946666666666667
56 0.048 0.7706666666666667 0.162 1.0
56 0.002 0.5333333333333333 0.074 0.7493333333333333
0 0.002 0.5546666666666666 0.09 1.0
58 0.628 0.2 0.87 0.5493333333333333
58 0.068 0.3466666666666667 0.102 0.416
