60 0.494 0.7306666666666667 1.0 1.0
56 0.002 0.6346666666666667 0.406 1.0
56 0.87 0.5626666666666666 0.968 0.7466666666666667
60 0.42 0.5093333333333333 0.51 0.5786666666666667
0 0.04 0.23733333333333334 0.158 0.5973333333333334
58 0.588 0.2773333333333333 0.606 0.31733333333333336
58 0.55 0.25333333333333335 0.586 0.31733333333333336
58 0.432 0.248 0.508 0.32
56 0.54 0.5573333333333333 0.884 0.744
0 0.268 0.384 0.326 0.4533333333333333
0 0.75 0.38133333333333336 0.788 0.43733333333333335
0 0.486 0.36533333333333334 0.544 0.488
0 0.464 0.3253333333333333 0.624 0.688
0 0.584 0.25066666666666665 0.828 0.744
0 0.082 0.30133333333333334 0.5 1.0
58 0.136 0.4053333333333333 0.2 0.5493333333333333
