60 0.378 0.5306666666666666 0.758 1.0
0 0.894 0.408 1.0 0.8933333333333333
0 0.478 0.25066666666666665 0.758 1.0
56 0.472 0.432 0.836 1.0
0 0.002 0.24 0.506 1.0
58 0.418 0.0026666666666666666 0.536 0.304
39 0.182 0.09866666666666667 0.242 0.3626666666666667
39 0.142 0.14666666666666667 0.2 0.37066666666666664
39 0.052 0.16266666666666665 0.104 0.39466666666666667
39 0.034 0.072 0.098 0.28
39 0.128 0.144 0.146 0.22133333333333333
39 0.128 0.096 0.156 0.20533333333333334
39 0.15 0.09066666666666667 0.18 0.192
39 0.2 0.07733333333333334 0.248 0.32
