60 0.466 0.8288770053475936 0.884 1.0
56 0.342 0.9598930481283422 0.464 1.0
56 0.412 0.7486631016042781 0.532 1.0
58 0.548 0.4144385026737968 0.934 0.820855614973262
58 0.184 0.4786096256684492 0.288 0.8021390374331551
56 0.332 0.56951871657754 0.456 0.7647058823529411
56 0.49 0.5721925133689839 0.612 0.7620320855614974
57 0.376 0.4786096256684492 0.55 0.5882352941176471
58 0.424 0.4786096256684492 0.478 0.5962566844919787
58 0.548 0.48128342245989303 0.588 0.516042780748663
56 0.186 0.5347593582887701 0.32 0.7165775401069518
56 0.232 0.5133689839572193 0.342 0.6684491978609626
58 0.258 0.4090909090909091 0.362 0.5668449197860963
