0 0.012 0.1050328227571116 0.292 0.962800875273523
0 0.238 0.0700218818380744 0.51 0.9693654266958425
0 0.426 0.0525164113785558 0.712 0.9715536105032823
0 0.676 0.04157549234135667 0.978 0.9715536105032823
3 0.028 0.3085339168490153 0.342 0.8183807439824945
3 0.304 0.45951859956236324 0.59 0.8052516411378556
3 0.66 0.3304157549234136 0.794 0.7943107221006565
3 0.922 0.3085339168490153 1.0 0.8008752735229759
0 0.952 0.2363238512035011 1.0 0.39606126914660833
0 0.002 0.26695842450765866 0.052 0.5404814004376368
