56 0.536 0.18133333333333335 0.638 0.5173333333333333
56 0.338 0.168 0.426 0.2826666666666667
56 0.254 0.21066666666666667 0.336 0.31466666666666665
56 0.174 0.22666666666666666 0.29 0.6
56 0.07 0.256 0.236 0.6746666666666666
56 0.2 0.344 0.502 0.9013333333333333
56 0.754 0.17333333333333334 0.878 0.4693333333333333
56 0.738 0.22133333333333333 0.842 0.44533333333333336
56 0.63 0.24533333333333332 0.858 0.6853333333333333
56 0.594 0.2693333333333333 0.86 0.8186666666666667
60 0.142 0.26666666666666666 0.778 0.7386666666666667
