0 0.912 0.76 1.0 1.0
56 0.854 0.8746666666666667 0.94 1.0
56 0.804 0.8213333333333334 0.878 0.976
56 0.712 0.7973333333333333 0.842 0.928
56 0.704 0.936 0.84 1.0
56 0.692 0.8746666666666667 0.766 1.0
56 0.618 0.832 0.678 0.936
56 0.566 0.808 0.624 0.9013333333333333
56 0.408 0.9173333333333333 0.548 1.0
56 0.378 0.8746666666666667 0.486 0.984
56 0.342 0.8293333333333334 0.446 0.9813333333333333
56 0.17 0.856 0.272 0.9946666666666667
56 0.096 0.8986666666666666 0.242 1.0
60 0.78 0.792 0.918 0.8666666666666667
60 0.416 0.8506666666666667 0.558 0.8933333333333333
60 0.454 0.8826666666666667 0.622 0.9466666666666667
60 0.514 0.9253333333333333 0.708 0.9946666666666667
60 0.03 0.888 0.17 0.9466666666666667
60 0.002 0.9413333333333334 0.096 1.0
