0 0.704 0.3303303303303303 0.8 0.4954954954954955
0 0.554 0.2552552552552553 0.7 0.5615615615615616
0 0.654 0.2882882882882883 0.716 0.4984984984984985
0 0.454 0.2072072072072072 0.594 0.5915915915915916
0 0.356 0.15915915915915915 0.592 0.5885885885885885
0 0.194 0.13813813813813813 0.42 0.7027027027027027
0 0.002 0.08108108108108109 0.236 0.7717717717717718
0 0.802 0.23423423423423423 0.994 0.6576576576576577
0 0.802 0.2912912912912913 0.91 0.6036036036036037
0 0.718 0.19519519519519518 1.0 1.0
60 0.002 0.5135135135135135 0.886 1.0
39 0.348 0.40540540540540543 0.426 0.6126126126126126
