60 0.002 0.616 0.858 1.0
0 0.182 0.16533333333333333 0.522 0.6853333333333333
0 0.526 0.192 0.914 0.8373333333333334
56 0.158 0.3973333333333333 0.546 0.6453333333333333
56 0.788 0.44266666666666665 0.922 1.0
56 0.918 0.37866666666666665 1.0 0.5173333333333333
0 0.864 0.16 1.0 0.45066666666666666
0 0.908 0.25066666666666665 1.0 0.45066666666666666
0 0.738 0.2613333333333333 0.78 0.31466666666666665
0 0.688 0.23733333333333334 0.722 0.3466666666666667
60 0.728 0.34933333333333333 0.79 0.43466666666666665
60 0.794 0.3333333333333333 0.82 0.424
60 0.804 0.31733333333333336 0.83 0.39466666666666667
