56 0.61 0.5825825825825826 0.68 0.6036036036036037
56 0.768 0.6036036036036037 0.834 0.6846846846846847
56 0.78 0.6726726726726727 0.824 0.933933933933934
56 0.666 0.6936936936936937 0.784 0.960960960960961
56 0.574 0.7417417417417418 0.752 1.0
56 0.396 0.8498498498498499 0.576 1.0
56 0.14 0.7627627627627628 0.356 1.0
0 0.506 0.4024024024024024 0.54 0.5075075075075075
0 0.53 0.3663663663663664 0.632 0.6096096096096096
0 0.486 0.4924924924924925 0.564 0.6276276276276276
39 0.64 0.5435435435435435 0.658 0.6036036036036037
39 0.592 0.5825825825825826 0.618 0.6816816816816816
39 0.476 0.5945945945945946 0.5 0.7027027027027027
0 0.364 0.4924924924924925 0.454 0.6786786786786787
0 0.246 0.5195195195195195 0.388 0.9369369369369369
0 0.16 0.5525525525525525 0.39 1.0
0 0.9 0.3483483483483483 0.94 0.38738738738738737
0 0.814 0.26426426426426425 1.0 1.0
58 0.832 0.03003003003003003 1.0 1.0
60 0.278 0.6006006006006006 0.798 1.0
