0 0.48 0.136 0.598 0.384
0 0.57 0.22666666666666666 0.628 0.37066666666666664
0 0.622 0.272 0.688 0.37066666666666664
0 0.668 0.19466666666666665 0.89 0.8906666666666667
0 0.112 0.13066666666666665 0.38 0.912
0 0.352 0.17333333333333334 0.618 0.872
16 0.006 0.7226666666666667 0.186 0.9786666666666667
16 0.178 0.6746666666666666 0.354 0.936
16 0.352 0.6533333333333333 0.53 0.9306666666666666
16 0.492 0.496 0.666 0.9413333333333334
16 0.624 0.6666666666666666 0.796 0.9626666666666667
2 0.948 0.32266666666666666 1.0 0.38666666666666666
2 0.814 0.3333333333333333 0.866 0.384
2 0.09 0.30666666666666664 0.156 0.36
