62 0.248 0.5487179487179488 0.384 0.7153846153846154
58 0.1 0.2230769230769231 0.302 0.5974358974358974
58 0.362 0.5230769230769231 0.476 0.6230769230769231
58 0.272 0.4230769230769231 0.36 0.5692307692307692
58 0.464 0.5230769230769231 0.548 0.6358974358974359
58 0.602 0.5487179487179488 0.668 0.6487179487179487
58 0.8 0.3769230769230769 0.95 0.6230769230769231
58 0.758 0.6461538461538462 0.928 0.9333333333333333
58 0.652 0.5076923076923077 0.732 0.658974358974359
58 0.62 0.8307692307692308 0.786 1.0
