17 0.792 0.5735735735735735 0.872 0.8648648648648649
17 0.67 0.6186186186186187 0.776 0.8648648648648649
0 0.77 0.4264264264264264 0.87 0.5795795795795796
0 0.672 0.4744744744744745 0.764 0.6156156156156156
0 0.366 0.7627627627627628 0.422 0.8798798798798799
0 0.178 0.7267267267267268 0.24 0.8858858858858859
0 0.066 0.7387387387387387 0.128 0.8918918918918919
2 0.26 0.7867867867867868 0.532 0.8798798798798799
2 0.482 0.7657657657657657 0.774 0.8708708708708709
2 0.736 0.7207207207207207 0.938 0.8678678678678678
