56 0.352 0.4026666666666667 0.478 0.5813333333333334
56 0.328 0.44 0.482 0.7306666666666667
60 0.41 0.3973333333333333 0.53 0.584
60 0.424 0.42933333333333334 0.576 0.6533333333333333
60 0.456 0.45866666666666667 0.63 0.728
60 0.148 0.4 0.254 0.5786666666666667
60 0.138 0.42133333333333334 0.254 0.6266666666666667
60 0.002 0.584 0.198 1.0
60 0.002 0.776 0.13 1.0
60 0.69 0.7786666666666666 1.0 1.0
60 0.592 0.6213333333333333 1.0 1.0
60 0.522 0.5386666666666666 0.816 0.9386666666666666
56 0.352 0.664 0.66 1.0
58 0.618 0.17866666666666667 0.74 0.3413333333333333
58 0.124 0.176 0.27 0.5546666666666666
