0 0.002 0.352 0.184 0.5253333333333333
0 0.002 0.192 0.252 0.7226666666666667
0 0.248 0.36 1.0 1.0
0 0.64 0.21066666666666667 0.812 0.4186666666666667
0 0.402 0.21066666666666667 0.614 0.5173333333333333
0 0.548 0.16533333333333333 0.716 0.56
39 0.208 0.6906666666666667 0.27 0.9573333333333334
39 0.298 0.7653333333333333 0.362 0.9386666666666666
39 0.476 0.5013333333333333 0.524 0.68
39 0.326 0.4693333333333333 0.404 0.7733333333333333
39 0.436 0.4266666666666667 0.48 0.5946666666666667
60 0.054 0.3626666666666667 1.0 1.0
