56 0.414 0.6853333333333333 0.544 0.9013333333333333
56 0.306 0.7466666666666667 0.452 0.9413333333333334
56 0.168 0.7093333333333334 0.308 0.9146666666666666
56 0.174 0.936 0.446 1.0
56 0.804 0.9386666666666666 0.984 1.0
56 0.728 0.8266666666666667 0.948 1.0
56 0.688 0.7813333333333333 0.824 1.0
56 0.64 0.7306666666666667 0.8 0.96
56 0.612 0.704 0.718 0.8906666666666667
56 0.002 0.6293333333333333 0.096 0.816
60 0.76 0.7253333333333334 0.878 0.8426666666666667
60 0.826 0.7546666666666667 0.96 0.9013333333333333
60 0.902 0.84 1.0 1.0
56 0.01 0.632 0.08 0.704
