39 0.464 0.5 0.672 0.7165775401069518
0 0.072 0.18449197860962566 0.666 1.0
0 0.572 0.2967914438502674 0.872 0.8983957219251337
39 0.384 0.05080213903743316 0.412 0.17379679144385027
39 0.36 0.045454545454545456 0.384 0.1711229946524064
39 0.33 0.0481283422459893 0.356 0.1711229946524064
39 0.3 0.0427807486631016 0.328 0.16310160427807488
39 0.272 0.040106951871657755 0.296 0.16310160427807488
39 0.244 0.034759358288770054 0.272 0.1657754010695187
39 0.208 0.029411764705882353 0.244 0.16310160427807488
39 0.182 0.029411764705882353 0.212 0.16310160427807488
39 0.152 0.026737967914438502 0.18 0.15508021390374332
39 0.12 0.029411764705882353 0.148 0.15775401069518716
39 0.068 0.02406417112299465 0.104 0.15240641711229946
39 0.036 0.02406417112299465 0.068 0.1497326203208556
39 0.002 0.029411764705882353 0.028 0.15240641711229946
39 0.276 0.20053475935828877 0.296 0.2700534759358289
39 0.246 0.19518716577540107 0.268 0.32085561497326204
39 0.214 0.18983957219251338 0.242 0.3235294117647059
39 0.184 0.19518716577540107 0.212 0.32085561497326204
39 0.152 0.17914438502673796 0.186 0.3235294117647059
39 0.12 0.17379679144385027 0.154 0.3235294117647059
39 0.074 0.1711229946524064 0.104 0.3235294117647059
39 0.04 0.18449197860962566 0.072 0.3235294117647059
60 0.216 0.8128342245989305 1.0 1.0
39 0.032 0.6711229946524064 0.076 0.7967914438502673
39 0.002 0.7486631016042781 0.046 0.839572192513369
