8 0.56 0.5573333333333333 0.822 0.672
8 0.09 0.6026666666666667 0.35 0.6773333333333333
8 0.806 0.344 0.966 0.4
8 0.626 0.35733333333333334 0.808 0.43466666666666665
8 0.454 0.376 0.672 0.464
8 0.486 0.31733333333333336 0.598 0.352
8 0.002 0.8053333333333333 0.164 0.888
8 0.002 0.7466666666666667 0.092 0.8
8 0.228 0.448 0.436 0.5253333333333333
8 0.288 0.4666666666666667 0.468 0.5173333333333333
8 0.436 0.44266666666666665 0.606 0.504
8 0.26 0.42133333333333334 0.458 0.4826666666666667
8 0.592 0.2986666666666667 0.712 0.33866666666666667
8 0.696 0.2906666666666667 0.798 0.3253333333333333
8 0.768 0.27466666666666667 0.87 0.31466666666666665
8 0.002 0.496 0.11 0.5386666666666666
