56 0.776 0.6203208556149733 0.874 0.8021390374331551
56 0.494 0.6176470588235294 0.612 0.8101604278074866
56 0.28 0.6470588235294118 0.484 0.9973262032085561
56 0.26 0.7513368983957219 0.478 0.9973262032085561
56 0.526 0.8770053475935828 0.734 0.9973262032085561
56 0.062 0.5855614973262032 0.228 0.8475935828877005
56 0.358 0.5347593582887701 0.476 0.732620320855615
56 0.082 0.5106951871657754 0.166 0.6497326203208557
60 0.418 0.7780748663101604 0.958 0.9973262032085561
57 0.17 0.49732620320855614 0.406 0.6818181818181818
