39 0.566 0.29526462395543174 0.614 0.5403899721448467
39 0.446 0.27019498607242337 0.496 0.4818941504178273
39 0.43 0.42896935933147634 0.506 0.7576601671309192
60 0.16 0.3231197771587744 0.772 1.0
0 0.004 0.12534818941504178 0.38 1.0
0 0.196 0.13649025069637882 0.438 0.6183844011142061
0 0.232 0.06685236768802229 0.452 0.5348189415041783
0 0.356 0.08635097493036212 0.532 0.3871866295264624
0 0.682 0.10863509749303621 0.794 0.42618384401114207
0 0.728 0.15041782729805014 0.86 0.479108635097493
0 0.672 0.1977715877437326 0.896 0.6155988857938719
0 0.57 0.21448467966573817 1.0 1.0
