8 0.466 0.3546666666666667 0.56 0.3893333333333333
8 0.002 0.5146666666666667 0.216 0.6106666666666667
8 0.002 0.464 0.354 0.584
0 0.178 0.21066666666666667 0.296 0.8693333333333333
39 0.27 0.512 0.314 0.5786666666666667
0 0.328 0.5386666666666666 0.492 0.7786666666666666
0 0.418 0.6346666666666667 0.662 0.9173333333333333
0 0.464 0.512 0.69 0.7306666666666667
0 0.674 0.408 0.816 0.8106666666666666
0 0.624 0.5413333333333333 0.708 0.696
0 0.878 0.44 0.914 0.5706666666666667
0 0.906 0.43466666666666665 0.942 0.5626666666666666
