18 0.662 0.37866666666666665 0.752 0.45066666666666666
18 0.528 0.37066666666666664 0.608 0.456
18 0.264 0.4 0.342 0.4666666666666667
18 0.372 0.4 0.428 0.4693333333333333
18 0.91 0.3626666666666667 0.978 0.44
18 0.08 0.34933333333333333 0.148 0.4053333333333333
18 0.208 0.344 0.28 0.39466666666666667
18 0.246 0.3546666666666667 0.298 0.4186666666666667
18 0.282 0.3413333333333333 0.334 0.4
18 0.568 0.3333333333333333 0.594 0.39466666666666667
18 0.516 0.288 0.536 0.3333333333333333
18 0.558 0.31733333333333336 0.6 0.3626666666666667
