2 0.236 0.4696485623003195 0.838 0.8498402555910544
0 0.074 0.07987220447284345 0.172 0.4185303514376997
0 0.154 0.10223642172523961 0.252 0.34824281150159747
0 0.404 0.2268370607028754 0.456 0.5175718849840255
0 0.492 0.36421725239616615 0.564 0.5335463258785943
0 0.704 0.2523961661341853 0.774 0.4984025559105431
0 0.816 0.2715654952076677 0.86 0.4952076677316294
0 0.854 0.2779552715654952 0.89 0.4984025559105431
0 0.878 0.2747603833865815 0.902 0.4728434504792332
0 0.908 0.2971246006389776 0.942 0.48242811501597443
