2 0.158 0.18133333333333335 0.334 0.36533333333333334
3 0.062 0.18666666666666668 1.0 1.0
3 0.002 0.29333333333333333 0.158 0.8906666666666667
3 0.518 0.23466666666666666 0.656 0.4266666666666667
2 0.404 0.184 0.474 0.24533333333333332
3 0.758 0.22933333333333333 0.896 0.544
3 0.458 0.216 0.544 0.44
0 0.304 0.2986666666666667 0.536 1.0
0 0.036 0.11733333333333333 0.224 0.544
0 0.284 0.09333333333333334 0.43 0.5146666666666667
0 0.866 0.005333333333333333 1.0 0.688
0 0.712 0.14133333333333334 0.758 0.256
0 0.63 0.14133333333333334 0.704 0.296
0 0.576 0.176 0.626 0.3253333333333333
