62 0.056 0.5877192982456141 0.182 0.7573099415204678
57 0.518 0.6578947368421053 1.0 1.0
58 0.004 0.5380116959064327 0.07 0.7748538011695907
58 0.324 0.3157894736842105 0.356 0.42105263157894735
58 0.354 0.3128654970760234 0.398 0.4152046783625731
58 0.39 0.32456140350877194 0.432 0.4152046783625731
58 0.456 0.31871345029239767 0.514 0.3742690058479532
58 0.528 0.3128654970760234 0.572 0.38011695906432746
58 0.592 0.30701754385964913 0.65 0.4152046783625731
58 0.646 0.30116959064327486 0.7 0.4093567251461988
58 0.676 0.47368421052631576 0.714 0.543859649122807
58 0.618 0.43567251461988304 0.68 0.5467836257309941
58 0.592 0.43567251461988304 0.632 0.543859649122807
58 0.316 0.43567251461988304 0.35 0.5467836257309941
58 0.354 0.4619883040935672 0.384 0.5467836257309941
58 0.406 0.45614035087719296 0.434 0.5409356725146199
58 0.316 0.5555555555555556 0.362 0.6608187134502924
58 0.336 0.5935672514619883 0.362 0.6637426900584795
58 0.402 0.5614035087719298 0.43 0.6578947368421053
58 0.474 0.4064327485380117 0.504 0.5029239766081871
58 0.506 0.4064327485380117 0.54 0.5058479532163743
58 0.536 0.4239766081871345 0.568 0.5029239766081871
58 0.448 0.52046783625731 0.494 0.6812865497076024
58 0.488 0.5906432748538012 0.528 0.6783625730994152
58 0.518 0.5584795321637427 0.572 0.652046783625731
58 0.64 0.564327485380117 0.682 0.6549707602339181
58 0.592 0.5584795321637427 0.636 0.6578947368421053
58 0.616 0.564327485380117 0.656 0.6637426900584795
