58 0.656 0.144 0.918 0.5386666666666666
56 0.584 0.6106666666666667 0.824 1.0
0 0.548 0.37333333333333335 0.724 0.6533333333333333
0 0.236 0.38133333333333336 0.458 0.9813333333333333
0 0.128 0.2986666666666667 0.21 0.5653333333333334
0 0.212 0.38666666666666666 0.26 0.504
0 0.518 0.37866666666666665 0.576 0.4693333333333333
56 0.144 0.5653333333333334 0.418 1.0
56 0.896 0.6586666666666666 1.0 1.0
56 0.93 0.5146666666666667 1.0 0.6586666666666666
56 0.024 0.44 0.076 0.5813333333333334
56 0.08 0.43466666666666665 0.132 0.5653333333333334
39 0.52 0.45866666666666667 0.56 0.6186666666666667
39 0.484 0.456 0.504 0.52
