1 0.816 0.4294294294294294 0.988 0.6156156156156156
1 0.598 0.4444444444444444 0.804 0.6276276276276276
1 0.41 0.4294294294294294 0.58 0.6486486486486487
1 0.298 0.5915915915915916 0.526 0.8588588588588588
1 0.124 0.5555555555555556 0.23 0.7717717717717718
0 0.702 0.46546546546546547 0.794 0.6666666666666666
0 0.59 0.4774774774774775 0.694 0.6726726726726727
0 0.294 0.2912912912912913 0.386 0.6696696696696697
0 0.294 0.38738738738738737 0.436 0.8588588588588588
0 0.04 0.3303303303303303 0.082 0.4624624624624625
0 0.002 0.3033033033033033 0.062 0.7627627627627628
