2 0.022 0.3253333333333333 0.93 0.8986666666666666
2 0.488 0.19733333333333333 0.752 0.4266666666666667
2 0.004 0.24266666666666667 0.134 0.43466666666666665
2 0.748 0.20533333333333334 0.896 0.3253333333333333
0 0.264 0.184 0.308 0.3546666666666667
0 0.326 0.192 0.36 0.34933333333333333
0 0.922 0.144 1.0 0.6
0 0.136 0.18133333333333335 0.162 0.3893333333333333
0 0.802 0.16 0.84 0.31466666666666665
0 0.882 0.16266666666666665 0.934 0.3973333333333333
0 0.426 0.18666666666666668 0.456 0.33066666666666666
0 0.464 0.18133333333333335 0.498 0.3253333333333333
