56 0.454 0.25825825825825827 0.566 0.5255255255255256
56 0.34 0.2672672672672673 0.46 0.5735735735735735
56 0.472 0.24324324324324326 0.576 0.46546546546546547
0 0.716 0.13213213213213212 0.844 0.42342342342342343
0 0.806 0.06606606606606606 1.0 1.0
0 0.044 0.32432432432432434 0.274 0.975975975975976
0 0.21 0.3153153153153153 0.38 0.9039039039039038
0 0.008 0.0960960960960961 0.388 0.6096096096096096
0 0.122 0.1021021021021021 0.436 0.39039039039039036
0 0.568 0.12612612612612611 0.76 0.972972972972973
39 0.714 0.23723723723723725 0.758 0.3213213213213213
0 0.316 0.10810810810810811 0.476 0.6006006006006006
