14 0.87 0.46846846846846846 0.956 0.7747747747747747
14 0.776 0.48348348348348347 0.924 0.8198198198198198
14 0.73 0.45045045045045046 0.814 0.7207207207207207
14 0.702 0.43543543543543545 0.752 0.6876876876876877
14 0.62 0.5225225225225225 0.698 0.8678678678678678
14 0.518 0.4804804804804805 0.608 0.8168168168168168
14 0.608 0.43843843843843844 0.698 0.6876876876876877
14 0.536 0.38738738738738737 0.646 0.6636636636636637
14 0.54 0.39039039039039036 0.582 0.4954954954954955
14 0.46 0.38738738738738737 0.512 0.6276276276276276
14 0.374 0.4114114114114114 0.494 0.6816816816816816
14 0.29 0.5765765765765766 0.45 0.9279279279279279
14 0.212 0.5765765765765766 0.332 0.9009009009009009
14 0.108 0.5315315315315315 0.254 0.8588588588588588
14 0.016 0.4864864864864865 0.152 0.7897897897897898
14 0.218 0.44744744744744747 0.29 0.5885885885885885
14 0.274 0.43543543543543545 0.38 0.6426426426426426
14 0.322 0.3933933933933934 0.418 0.6006006006006006
0 0.058 0.03303303303303303 0.132 0.18018018018018017
0 0.01 0.003003003003003003 0.068 0.1921921921921922
