2 0.92 0.4577259475218659 1.0 0.6559766763848397
0 0.008 0.5481049562682215 0.15 1.0
0 0.3 0.36151603498542273 0.41 0.8717201166180758
0 0.394 0.42857142857142855 0.542 0.9475218658892128
0 0.59 0.4752186588921283 0.692 0.9970845481049563
0 0.692 0.446064139941691 0.858 1.0
0 0.922 0.6239067055393586 1.0 0.9533527696793003
0 0.874 0.5072886297376094 0.946 0.8134110787172012
56 0.228 0.8104956268221575 0.344 1.0
56 0.372 0.8454810495626822 0.572 1.0
56 0.8 0.8075801749271136 0.96 1.0
56 0.92 0.7551020408163265 1.0 1.0
60 0.514 0.7696793002915452 0.716 1.0
